8.04289E-03	8.04289E-03
8.34281E-03	8.34281E-03
8.23296E-03	8.23296E-03
8.39507E-03	8.39507E-03
7.92168E-03	7.92168E-03
8.16200E-03	8.16200E-03
8.28480E-03	8.28480E-03
8.13465E-03	8.13465E-03
8.07497E-03	8.07497E-03
6.81095E-03	6.81095E-03
7.45345E-03	7.45345E-03
1.10264E-02	1.10264E-02
1.46807E-02	1.46807E-02
2.22215E-02	2.22215E-02
1.16363E-02	1.16363E-02
1.27207E-02	1.27207E-02
2.08619E-02	2.08619E-02
5.73974E-02	5.73974E-02
5.82345E-02	5.82345E-02
6.79062E-02	6.79062E-02
3.51126E-02	3.51126E-02
3.98663E-02	3.98663E-02
2.71177E-02	2.71177E-02
2.04608E-02	2.04608E-02
2.50955E-02	2.50955E-02
2.33993E-02	2.33993E-02
2.70904E-02	2.70904E-02
3.08577E-02	3.08577E-02
3.19134E-02	3.19134E-02
3.02740E-02	3.02740E-02
7.72844E-02	7.72844E-02
7.73452E-02	7.73452E-02
7.41195E-02	7.41195E-02
8.02179E-02	8.02179E-02
2.59905E-02	2.59905E-02
3.41427E-02	3.41427E-02
4.00028E-02	4.00028E-02
4.41425E-02	4.41425E-02
5.88579E-02	5.88579E-02
