 1.56751E+00	  1.43611E-01
 1.55622E+00	  6.45710E-02
 1.55967E+00	  3.94937E-02
 1.55236E+00	  3.34802E-02
 1.54350E+00	  2.86088E-02
 1.52884E+00	  3.01948E-02
 1.51796E+00	  3.07916E-02
 1.51370E+00	  3.27388E-02
 1.50659E+00	  3.51793E-02
 1.50544E+00	  3.91864E-02
 1.50710E+00	  3.80874E-02
 1.50236E+00	  3.47777E-02
 1.50586E+00	  4.34585E-02
 1.50666E+00	  4.16315E-02
 1.50931E+00	  4.24245E-02
 1.51306E+00	  5.26855E-02
 1.51157E+00	  4.38418E-02
 1.51977E+00	  4.43884E-02
 1.52019E+00	  3.94819E-02
 1.50446E+00	  3.85120E-02
 1.50731E+00	  4.25976E-02
 1.50442E+00	  4.55129E-02
 1.50208E+00	  4.85080E-02
 1.47682E+00	  2.21893E-02
 1.46836E+00	  2.82957E-02
 1.44527E+00	  3.09697E-02
 1.42225E+00	  8.07193E-02
 1.46525E+00	  1.18343E-01
 1.53982E+00	  1.17748E-01
 1.54509E+00	  9.72700E-02
 1.54581E+00	  6.60280E-02
 1.54199E+00	  7.73137E-02
 1.53290E+00	  4.40480E-02
 1.54564E+00	  4.05487E-02
 1.52300E+00	  4.28152E-02
 1.51986E+00	  4.32840E-02
 1.51753E+00	  4.35965E-02
 1.51093E+00	  4.08769E-02
 1.50641E+00	  3.26652E-02
